INSERT INTO Orders (ProductId, CustomerId, OrderCount, UnitPrice, TotalPrice, OrderDate)
VALUES
(1, 1, 1, 75000.00, 75000.00, '2025-01-05'), (22, 30, 2, 16500.00, 33000.00, '2025-01-15'),
(10, 3, 1, 18500.00, 18500.00, '2025-01-25'), (5, 6, 1, 58000.00, 58000.00, '2025-02-02'),
(2, 4, 1, 55000.00, 55000.00, '2025-02-12'), (23, 13, 1, 7500.00, 7500.00, '2025-02-20'),
(11, 21, 2, 4500.00, 9000.00, '2025-03-05'), (34, 26, 1, 6500.00, 6500.00, '2025-03-18'),
(9, 12, 1, 38000.00, 38000.00, '2025-03-28'), (44, 29, 10, 1200.00, 12000.00, '2025-04-05'),
(31, 1, 1, 21000.00, 21000.00, '2025-04-15'), (24, 18, 1, 6800.00, 6800.00, '2025-04-25'),
(15, 5, 1, 8500.00, 8500.00, '2025-05-02'), (48, 8, 4, 450.00, 1800.00, '2025-05-12'),
(20, 2, 1, 38000.00, 38000.00, '2025-05-22'), (25, 6, 2, 8500.00, 17000.00, '2025-06-01'),
(38, 9, 1, 32000.00, 32000.00, '2025-06-10'), (12, 7, 1, 12500.00, 12500.00, '2025-06-20'),
(41, 10, 1, 6800.00, 6800.00, '2025-07-04'), (3, 23, 1, 35000.00, 35000.00, '2025-07-15'),
(49, 11, 5, 350.00, 1750.00, '2025-07-28'), (18, 4, 2, 3800.00, 7600.00, '2025-08-05'),
(21, 27, 1, 24000.00, 24000.00, '2025-08-14'), (35, 20, 1, 26000.00, 26000.00, '2025-08-25'),
(22, 14, 1, 16500.00, 16500.00, '2025-09-02'), (13, 16, 1, 19000.00, 19000.00, '2025-09-12'),
(45, 17, 3, 850.00, 2550.00, '2025-09-22'), (28, 25, 1, 3800.00, 3800.00, '2025-10-01'),
(7, 19, 1, 62000.00, 62000.00, '2025-10-10'), (47, 30, 2, 1800.00, 3600.00, '2025-10-20'),
(33, 2, 1, 78000.00, 78000.00, '2025-10-30'), (16, 12, 1, 5200.00, 5200.00, '2025-11-05'),
(4, 3, 1, 42000.00, 42000.00, '2025-11-12'), (39, 15, 1, 24500.00, 24500.00, '2025-11-20'),
(23, 6, 1, 7500.00, 7500.00, '2025-11-28'), (43, 9, 1, 4500.00, 4500.00, '2025-12-01'),
(32, 21, 1, 22500.00, 22500.00, '2025-12-05'), (29, 26, 1, 5500.00, 5500.00, '2025-12-10'),
(22, 30, 1, 16500.00, 16500.00, '2025-12-12'), (1, 12, 1, 75000.00, 75000.00, '2025-12-14'),
(50, 4, 2, 1200.00, 2400.00, '2025-12-15'), (24, 28, 1, 6800.00, 6800.00, '2025-12-16'),
(11, 2, 2, 4500.00, 9000.00, '2025-12-17'), (34, 19, 1, 6500.00, 6500.00, '2025-12-17'),
(40, 1, 1, 42000.00, 42000.00, '2025-12-17'), (15, 23, 1, 8500.00, 8500.00, '2025-12-17'),
(48, 7, 3, 450.00, 1350.00, '2025-12-17'), (20, 30, 1, 38000.00, 38000.00, '2025-12-17'),
(22, 13, 1, 16500.00, 16500.00, '2025-12-17'), (1, 4, 1, 75000.00, 75000.00, '2025-12-17');